265
266
266
266
265
267
267
264
269
265
268
266
267
268
266
267
267
269
266
269
269
270
271
268
269
271
269
271
270
271
269
270
271
270
272
272
272
273
271
273
270
274
273
273
272
274
274
274
272
274
271
274
271
272
276
275
274
275
275
272
273
274
276
273
382
676
731
734
724
719
715
711
708
705
703
701
700
699
696
694
694
691
692
691
690
690
691
689
689
690
690
690
690
688
689
689
689
688
689
689
688
688
688
689
689
688
688
688
688
688
688
688
688
689
688
688
689
688
688
689
689
689
690
689
690
690
690
690
690
690
690
690
691
690
690
690
690
690
690
690
691
692
691
690
692
692
692
691
691
692
690
691
691
692
691
691
692
692
693
691
692
692
692
693
693
694
692
693
693
693
692
693
693
693
692
692
693
692
693
694
688
688
